4 100
23 100
23 24
220 239
1234567 12345678
1880000000 1980000000
1 2000000000
2000000000 2000000000
1000000000 2000000000
1800000000 2000000000
21345 21532156
1 1
1 2
1 5
5 5
5 10
10000 100000
10000 11000
123456789 234567890
123456789 133456789
17100 19000
17100 18000
171000000 181000000
171000000 190000000
171000000 189999999
171000000 180000001
171000000 179999999
1880000000 1980000000
2000000 2000000000
1 2000000000
1234567 12345678
23 100
190 200
1900000000 2000000000
1500000000 2000000000
188084 1980605100
18800000 1980000000
199999999 199999999
18 1980605100
1750000000 2000000000
1900 1000000
100 2000000000
1645665466 1999999999
19 164
3243642 2000000000
1000000000 2000000000
5 200000000
100 200
23 2000000000
855 1980000000
950 20000
